G: 2025-11-12 21:10:44.690154
name5: 2025-11-12 21:10:46.046687
